
S ={ 
    '1'  %     1
    '2'  %     2
    '3'
    '4'
    '5'
    '6'
    '7'
    '8'
    '9'
    '10'
    '11'
    '12'
    '13'
    '14'
    '15'
    '16'
    '17'
    '18'
    '19'
    '20'
    '21'
    '22'
    '23'
    '24'
    '25'
    '26'
    '27'
    '28'
    '29'
    '30'
    '31'
    '32'
    '33'
    '34'
    '35'
    '36'
    '37'
    '38'
    '39'
    '40'
    '41'
    '42'
    '43'
    '44'
    '45'
    '46'
    '47'
    '48'
    '49'
    '50'
    '51'
    '52'
    '53'
    '54'
    '55'
    '56'
    '57'
    '58'
    '59'
    '60'
    '61'
    '62'
    '63'
    '64'
    '65'
    '66'
    '67'
    '68'
    '69'
    '70'
    '71'
    '72'
    '73'
    '74'
    '75'
    '76'
    '77'
    '78'
    '79'
    '80'
    '81'
    '82'
    '83'
    '84'
    '85'
    '86'
    '87'
    '88'
    '89'
    '90'
    '91'
    '92'
    '93'
    '94'
    '95'
    '96'
    '97'
    '98'
    '99'
    '100'
    '101'
    '102'
    '103'
    '104'
    '105'
    '106'
    '107'
    '108'
    '109'
    '110'
    '111'
    '112'
    '113'
    '114'
    '115'
    '116'
    '117'
    '118'
    '119'
    '120'
    '121'
    '122'
    '123'
    '124'
    '125'
    '126'
    '127'
    '128'
    '129'};%    61

loc=[0.7880	0.7466
0.6988	0.7466
0.6450	0.7122
0.5690	0.6876
0.5355	0.6310
0.4980	0.5781
0.4655	0.5191
0.7018	0.8180
0.6146	0.7946
0.5710	0.7454
0.5000	0.6986
0.4635	0.6335
0.4361	0.5597
0.5994	0.8622
0.5010	0.8143
0.5010	0.7601
0.5030	0.9311
0.4310	0.7466
0.4320	0.6888
0.4016	0.6039
0.4047	0.8647
0.3844	0.7983
0.3540	0.7159
0.3671	0.6581
0.2972	0.8241
0.3012	0.7466
0.3053	0.6753
0.3164	0.6039
0.3540	0.5510
0.3986	0.5068
0.4412	0.4440
0.2170	0.7515
0.2221	0.6654
0.2485	0.6015
0.2830	0.5387
0.3316	0.4797
0.3935	0.4280
0.1359	0.6396
0.1714	0.5449
0.2170	0.4994
0.2718	0.4662
0.3418	0.4084
0.0730	0.6199
0.1055	0.5547
0.1592	0.4379
0.2231	0.4047
0.2870	0.3887
0.0000	0.6285
0.0477	0.4699
0.1815	0.3481
0.2454	0.3407
0.3164	0.3296
0.3753	0.3518
0.4351	0.3702
0.5010	0.4022
0.0680	0.3284
0.1308	0.3137
0.2191	0.2768
0.3002	0.2620
0.3641	0.2792
0.4280	0.3124
0.4980	0.2927
0.1237	0.2054
0.2049	0.1870
0.3002	0.1882
0.3763	0.2030
0.4280	0.2435
0.2292	0.0873
0.3327	0.0959
0.3966	0.1365
0.4452	0.1759
0.4970	0.2337
0.3580	0.0258
0.4249	0.0627
0.4949	0.1181
0.5416	0.1796
0.5669	0.2435
0.5680	0.3087
0.5609	0.3739
0.5538	0.4416
0.4929	0.0000
0.5639	0.0590
0.5923	0.1328
0.6187	0.2030
0.6288	0.2755
0.6197	0.3542
0.5994	0.4244
0.6308	0.0246
0.6572	0.0910
0.6927	0.1833
0.6937	0.2571
0.6775	0.3235
0.6521	0.4022
0.7617	0.0836
0.7840	0.1833
0.7779	0.2681
0.7495	0.3358
0.7099	0.3801
0.8671	0.1968
0.8661	0.3001
0.8134	0.3407
0.7728	0.3998
0.7241	0.4600
0.6643	0.4723
0.6014	0.5031
0.5325	0.5166
0.9260	0.3186
0.8357	0.4293
0.7779	0.4982
0.7150	0.5351
0.6440	0.5449
0.5619	0.5560
0.9473	0.4600
0.8915	0.5449
0.8276	0.5412
0.7465	0.5953
0.6836	0.6002
0.5974	0.5953
1.0000	0.6236
0.9260	0.6138
0.8631	0.6322
0.7809	0.6617
0.6957	0.6740
0.6339	0.6531
0.8499	0.7712
0.5730	0.9975
0.4331	1.0000
0.1521	0.7798
0.5010  0.4642
];